         108
         112
         150
          18
         211
          99
         182
         132
         174
         126
         132
         127
         214
         143
          23
          72
         239
         239
         187
         250
          73
         100
          28
          55
          73
          60
          64
         201
           8
          72
         113
         197
         214
          31
         122
         155
         167
         217
          46
          73
          32
         122
          74
         114
           9
          69
         102
           3
          89
         161
         196
         108
          84
          33
          11
         137
         245
          84
           4
          97
         112
         250
         238
          76
         238
         238
         158
         156
         233
         208
         221
          16
         205
         131
         168
         192
         105
          97
         227
         237
         114
         159
         193
         123
         252
          96
         254
         165
          69
          93
         173
          60
         101
          92
          17
         185
          19
         154
         221
         193
          88
         171
         212
         240
          25
         128
         172
         154
         217
         148
           6
         248
          22
         149
         237
         193
         218
         143
         218
           4
         242
          93
         203
         138
         155
         156
          69
         168
         136
          46
          69
          52
          18
         248
          73
         205
         227
         197
         241
          14
         152
         224
          55
         184
         232
         219
         190
          32
          52
         236
